ประเภทบริการด้านท่องเที่ยว,กทม.,อยุธยา,เชียงใหม่,เชียงราย,นครราชสีมา,อุดรธานี,พัทยา,หัวหิน,ภูเก็ต,สุราษฎร์ธานี
ทำเลที่ตั้ง,4.13,4.05,4.33,4.26,4.15,4.37,4.09,4.4,4.3,4.17
ความหลากหลาย,4.16,4.1,4.31,4.3,4.2,4.37,4.14,4.47,4.25,4.21
การบริการ 4.09,4.12,4.29,4.33,4.14,4.36,4.11,4.44,4.27,4.19
อุปกรณ์เครื่องใช้ต่างๆ,4.07,4.02,4.28,4.29,4.07,4.31,4.07,4.4,4.24,4.14
ความสะอาดและสิ่งอำนวยความสะดวก,4.06,4.01,4.23,4.24,4.09,4.34,4.06,4.44,4.25,4.11
การสื่อสาร/ ภาษา,4,3.95,4.24,4.26,4.07,4.34,4.01,4.37,4.15,4.09
ความปลอดภัย,4.1,4.1,4.32,4.33,4.19,4.37,4.17,4.4,4.28,4.12
ความคุ้มค่าเงิน,4.13,4.06,4.33,4.41,4.2,4.37,4.14,4.47,4.26,4.16
ภาพรวมสถานที่พัก,4.09,4.05,4.29,4.3,4.14,4.35,4.1,4.42,4.25,4.15
